Initial graph: 18 edges
Initial edges: 0,2 0,4 1,2 1,3 1,5 1,9 2,3 2,6 2,9 3,5 3,6 3,7 4,5 4,6 5,7 6,7 6,8 7,8
Sequence length: 27

 1: add (0, 1); witness edges = 0,1 0,2 0,4 1,3 1,5 2,3 2,6 3,7 4,5 4,6 5,7 6,7
 2: add (3, 9); witness edges = 0,1 0,2 0,4 1,5 1,9 2,6 2,9 3,5 3,6 3,9 4,5 4,6
 3: add (0, 7); witness edges = 0,1 0,2 0,7 1,5 1,9 2,6 2,9 3,5 3,6 3,9 5,7 6,7
 4: add (1, 7); witness edges = 0,2 0,4 0,7 1,2 1,3 1,7 2,6 3,5 3,6 4,5 4,6 5,7
 5: add (0, 3); witness edges = 0,2 0,3 0,4 1,2 1,3 1,7 2,6 3,5 4,5 4,6 5,7 6,7
 6: add (2, 5); witness edges = 0,1 0,3 0,4 1,5 1,9 2,5 2,6 2,9 3,6 3,9 4,5 4,6
 7: add (4, 7); witness edges = 0,1 0,2 0,3 1,5 1,7 2,5 2,6 3,6 3,7 4,5 4,6 4,7
 8: add (1, 6); witness edges = 0,1 0,2 0,3 1,6 1,7 2,5 2,6 3,5 3,7 4,5 4,6 4,7
 9: add (2, 7); witness edges = 0,1 0,2 0,3 1,5 1,6 2,5 2,7 3,6 3,7 4,5 4,6 4,7
10: add (5, 6); witness edges = 0,1 0,2 0,4 1,3 1,5 2,3 2,7 3,6 4,5 4,7 5,6 6,7
11: add (2, 4); witness edges = 0,1 0,2 0,7 1,3 1,5 2,3 2,4 3,6 4,6 4,7 5,6 5,7
12: add (3, 4); witness edges = 0,1 0,2 0,3 1,5 1,6 2,4 2,5 3,4 3,6 4,7 5,7 6,7
13: add (0, 5); witness edges = 0,1 0,2 0,5 1,3 1,6 2,3 2,4 3,7 4,5 4,7 5,6 6,7
14: add (0, 6); witness edges = 0,1 0,2 0,6 1,3 1,5 2,3 2,4 3,7 4,6 4,7 5,6 5,7
15: add (1, 4); witness edges = 0,1 0,2 0,3 1,4 1,5 2,4 2,6 3,5 3,6 4,7 5,7 6,7
16: add (5, 9); witness edges = 0,1 0,2 0,3 1,4 1,6 2,4 2,9 3,6 3,9 4,5 5,6 5,9
17: add (4, 9); witness edges = 0,1 0,2 0,3 1,5 1,6 2,5 2,9 3,6 3,9 4,5 4,6 4,9
18: add (6, 9); witness edges = 0,1 0,2 0,3 1,4 1,5 2,4 2,6 3,5 3,6 4,9 5,9 6,9
19: add (0, 9); witness edges = 0,1 0,2 0,9 1,3 1,4 2,3 2,5 3,6 4,6 4,9 5,6 5,9
20: add (7, 9); witness edges = 0,1 0,2 0,3 1,4 1,5 2,4 2,7 3,5 3,7 4,9 5,9 7,9
21: add (2, 8); witness edges = 0,1 0,2 0,6 1,3 1,4 2,3 2,8 3,7 4,6 4,7 6,8 7,8
22: add (5, 8); witness edges = 0,1 0,2 0,3 1,5 1,6 2,5 2,7 3,6 3,7 5,8 6,8 7,8
23: add (1, 8); witness edges = 0,1 0,2 0,3 1,4 1,8 2,5 2,8 3,4 3,5 4,6 5,6 6,8
24: add (3, 8); witness edges = 0,1 0,2 0,3 1,4 1,5 2,4 2,8 3,5 3,8 4,6 5,6 6,8
25: add (4, 8); witness edges = 0,1 0,2 0,3 1,4 1,5 2,4 2,6 3,5 3,6 4,8 5,8 6,8
26: add (0, 8); witness edges = 0,1 0,2 0,8 1,3 1,4 2,3 2,5 3,6 4,6 4,8 5,6 5,8
27: add (8, 9); witness edges = 0,1 0,2 0,3 1,4 1,5 2,4 2,8 3,5 3,8 4,9 5,9 8,9
