Initial graph: 19 edges
Initial edges: 0,2 0,4 1,3 1,5 2,3 2,6 3,5 3,7 3,8 3,10 4,5 4,6 4,8 5,7 6,7 6,8 7,10 8,9 9,10
Sequence length: 36

 1: add (0, 1); witness edges = 0,1 0,2 0,4 1,3 1,5 2,3 2,6 3,7 4,5 4,6 5,7 6,7
 2: add (0, 8); witness edges = 0,1 0,4 0,8 1,3 1,5 3,7 3,8 4,5 4,6 5,7 6,7 6,8
 3: add (2, 5); witness edges = 0,1 0,2 0,8 1,3 1,5 2,5 2,6 3,7 3,8 5,7 6,7 6,8
 4: add (0, 7); witness edges = 0,1 0,4 0,7 1,3 1,5 2,3 2,5 2,6 3,7 4,5 4,6 6,7
 5: add (0, 9); witness edges = 0,4 0,7 0,9 3,5 3,8 3,10 4,5 4,8 5,7 7,10 8,9 9,10
 6: add (1, 6); witness edges = 0,1 0,2 0,4 1,3 1,6 2,3 2,5 3,7 4,5 4,6 5,7 6,7
 7: add (1, 8); witness edges = 0,1 0,7 0,9 1,5 1,8 3,5 3,8 3,10 5,7 7,10 8,9 9,10
 8: add (0, 3); witness edges = 0,1 0,2 0,3 1,6 1,8 2,5 2,6 3,5 3,8 4,5 4,6 4,8
 9: add (0, 5); witness edges = 0,3 0,5 0,8 1,3 1,6 1,8 2,3 2,5 2,6 4,5 4,6 4,8
10: add (0, 6); witness edges = 0,3 0,6 0,8 1,3 1,5 1,8 2,3 2,5 2,6 4,5 4,6 4,8
11: add (0, 10); witness edges = 0,6 0,8 0,10 1,5 1,6 1,8 3,5 3,8 3,10 5,7 6,7 7,10
12: add (1, 2); witness edges = 0,1 0,3 0,5 1,2 1,8 2,5 2,6 3,7 3,8 5,7 6,7 6,8
13: add (1, 4); witness edges = 0,1 0,2 0,5 1,4 1,6 2,3 2,6 3,5 3,8 4,5 4,8 6,8
14: add (1, 7); witness edges = 0,1 0,3 0,5 1,4 1,7 2,3 2,5 2,6 3,7 4,5 4,6 6,7
15: add (1, 9); witness edges = 0,1 0,2 0,10 1,6 1,9 2,3 2,6 3,8 3,10 6,8 8,9 9,10
16: add (1, 10); witness edges = 0,1 0,2 0,3 1,6 1,10 2,5 2,6 3,5 3,10 5,7 6,7 7,10
17: add (2, 4); witness edges = 0,1 0,2 0,5 1,3 1,6 2,4 2,6 3,5 3,8 4,5 4,8 6,8
18: add (2, 7); witness edges = 0,1 0,2 0,3 1,4 1,8 2,4 2,7 3,7 3,8 4,6 6,7 6,8
19: add (2, 8); witness edges = 0,1 0,2 0,3 1,4 1,7 2,4 2,8 3,7 3,8 4,6 6,7 6,8
20: add (2, 9); witness edges = 0,1 0,2 0,5 1,3 1,9 2,4 2,9 3,5 3,8 4,5 4,8 8,9
21: add (2, 10); witness edges = 0,1 0,2 0,3 1,5 1,6 2,6 2,10 3,5 3,10 5,7 6,7 7,10
22: add (3, 4); witness edges = 0,1 0,2 0,3 1,4 1,7 2,7 2,8 3,4 3,8 4,6 6,7 6,8
23: add (3, 6); witness edges = 0,1 0,2 0,3 1,4 1,9 2,6 2,9 3,4 3,6 4,8 6,8 8,9
24: add (3, 9); witness edges = 0,1 0,2 0,3 1,4 1,6 2,4 2,9 3,6 3,9 4,8 6,8 8,9
25: add (4, 7); witness edges = 0,1 0,2 0,3 1,4 1,5 2,4 2,6 3,5 3,6 4,7 5,7 6,7
26: add (4, 9); witness edges = 0,1 0,2 0,3 1,4 1,8 2,4 2,10 3,8 3,10 4,9 8,9 9,10
27: add (4, 10); witness edges = 0,1 0,2 0,3 1,4 1,7 2,4 2,9 3,7 3,9 4,10 7,10 9,10
28: add (5, 6); witness edges = 0,1 0,2 0,3 1,4 1,5 2,4 2,7 3,5 3,7 4,6 5,6 6,7
29: add (5, 8); witness edges = 0,1 0,2 0,3 1,4 1,5 2,4 2,6 3,5 3,6 4,8 5,8 6,8
30: add (5, 9); witness edges = 0,1 0,2 0,3 1,4 1,5 2,4 2,8 3,5 3,8 4,9 5,9 8,9
31: add (5, 10); witness edges = 0,1 0,2 0,3 1,4 1,5 2,4 2,7 3,5 3,7 4,10 5,10 7,10
32: add (6, 9); witness edges = 0,1 0,2 0,3 1,4 1,5 2,4 2,6 3,5 3,6 4,9 5,9 6,9
33: add (6, 10); witness edges = 0,1 0,2 0,3 1,4 1,5 2,4 2,6 3,5 3,6 4,10 5,10 6,10
34: add (7, 8); witness edges = 0,1 0,2 0,3 1,4 1,5 2,4 2,7 3,5 3,7 4,8 5,8 7,8
35: add (7, 9); witness edges = 0,1 0,2 0,3 1,4 1,5 2,4 2,7 3,5 3,7 4,9 5,9 7,9
36: add (8, 10); witness edges = 0,1 0,2 0,3 1,4 1,5 2,4 2,8 3,5 3,8 4,10 5,10 8,10
